[38;2;0;0;0m [38;2;0;0;0m [38;2;0;0;0m [38;2;0;0;0m [38;2;0;0;0m [38;2;0;0;0m [38;2;0;0;0m [38;2;0;0;0m [38;2;0;0;0m [38;2;0;0;0m [38;2;0;0;0m [38;2;0;0;0m [38;2;0;0;0m [38;2;0;0;0m [38;2;0;0;0m [38;2;0;0;0m [38;2;0;0;0m [38;2;0;0;0m [38;2;0;0;0m [38;2;0;0;0m [38;2;0;0;0m [38;2;0;0;0m [38;2;0;0;0m [38;2;0;0;0m [38;2;0;0;0m [38;2;0;0;0m [38;2;0;0;0m [38;2;0;0;0m [0m
[38;2;0;0;0m [38;2;0;0;0m [38;2;0;0;0m [38;2;0;0;0m [38;2;0;0;0m [38;2;0;0;0m [38;2;0;0;0m [38;2;0;0;0m [38;2;0;0;0m [38;2;35;1;3m.[38;2;182;4;15mX[38;2;209;5;17m&[38;2;209;5;17m&[38;2;209;5;17m&[38;2;209;5;17m&[38;2;209;5;17m&[38;2;209;5;17m&[38;2;209;5;17m&[38;2;164;4;13mX[38;2;18;0;1m [38;2;0;0;0m [38;2;0;0;0m [38;2;0;0;0m [38;2;0;0;0m [38;2;0;0;0m [38;2;0;0;0m [38;2;0;0;0m [38;2;0;0;0m [0m
[38;2;0;0;0m [38;2;0;0;0m [38;2;0;0;0m [38;2;0;0;0m [38;2;0;0;0m [38;2;0;0;0m [38;2;0;0;0m [38;2;0;0;0m [38;2;0;0;0m [38;2;0;0;0m [38;2;20;0;2m [38;2;172;4;14mX[38;2;227;6;19m&[38;2;227;6;19m&[38;2;227;6;19m&[38;2;227;6;19m&[38;2;227;6;19m&[38;2;227;6;19m&[38;2;227;6;19m&[38;2;198;5;16m$[38;2;43;1;3m.[38;2;0;0;0m [38;2;0;0;0m [38;2;0;0;0m [38;2;0;0;0m [38;2;0;0;0m [38;2;0;0;0m [38;2;0;0;0m [0m
[38;2;0;0;0m [38;2;0;0;0m [38;2;0;0;0m [38;2;0;0;0m [38;2;0;0;0m [38;2;0;0;0m [38;2;0;0;0m [38;2;0;0;0m [38;2;0;0;0m [38;2;0;0;0m [38;2;0;0;0m [38;2;5;0;0m [38;2;132;3;11m=[38;2;227;6;19m&[38;2;227;6;19m&[38;2;227;6;19m&[38;2;227;6;19m&[38;2;227;6;19m&[38;2;227;6;19m&[38;2;227;6;19m&[38;2;218;5;18m&[38;2;79;2;6m;[38;2;0;0;0m [38;2;0;0;0m [38;2;0;0;0m [38;2;0;0;0m [38;2;0;0;0m [38;2;0;0;0m [0m
[38;2;0;0;0m [38;2;0;0;0m [38;2;0;0;0m [38;2;0;0;0m [38;2;22;1;2m [38;2;77;2;6m;[38;2;77;2;6m;[38;2;77;2;6m;[38;2;77;2;6m;[38;2;77;2;6m;[38;2;77;2;6m;[38;2;77;2;6m;[38;2;77;2;6m;[38;2;136;3;11m=[38;2;220;6;18m&[38;2;227;6;19m&[38;2;227;6;19m&[38;2;227;6;19m&[38;2;227;6;19m&[38;2;227;6;19m&[38;2;227;6;19m&[38;2;226;6;19m&[38;2;123;3;10m=[38;2;3;0;0m [38;2;0;0;0m [38;2;0;0;0m [38;2;0;0;0m [38;2;0;0;0m [0m
[38;2;0;0;0m [38;2;0;0;0m [38;2;0;0;0m [38;2;49;1;4m:[38;2;203;5;17m$[38;2;227;6;19m&[38;2;227;6;19m&[38;2;227;6;19m&[38;2;227;6;19m&[38;2;227;6;19m&[38;2;227;6;19m&[38;2;227;6;19m&[38;2;165;4;13mX[38;2;17;0;1m [38;2;50;1;4m:[38;2;203;5;17m$[38;2;227;6;19m&[38;2;227;6;19m&[38;2;227;6;19m&[38;2;227;6;19m&[38;2;227;6;19m&[38;2;227;6;19m&[38;2;227;6;19m&[38;2;164;4;13mX[38;2;16;0;1m [38;2;0;0;0m [38;2;0;0;0m [38;2;0;0;0m [0m
[38;2;0;0;0m [38;2;0;0;0m [38;2;86;2;7m;[38;2;220;6;18m&[38;2;227;6;19m&[38;2;227;6;19m&[38;2;227;6;19m&[38;2;227;6;19m&[38;2;227;6;19m&[38;2;227;6;19m&[38;2;226;6;19m&[38;2;124;3;10m=[38;2;3;0;0m [38;2;0;0;0m [38;2;0;0;0m [38;2;23;1;2m [38;2;175;4;14mX[38;2;227;6;19m&[38;2;227;6;19m&[38;2;227;6;19m&[38;2;227;6;19m&[38;2;227;6;19m&[38;2;227;6;19m&[38;2;227;6;19m&[38;2;195;5;16m$[38;2;40;1;3m.[38;2;0;0;0m [38;2;0;0;0m [0m
[38;2;4;0;0m [38;2;130;3;11m=[38;2;227;6;19m&[38;2;227;6;19m&[38;2;227;6;19m&[38;2;227;6;19m&[38;2;227;6;19m&[38;2;227;6;19m&[38;2;227;6;19m&[38;2;218;5;18m&[38;2;80;2;7m;[38;2;0;0;0m [38;2;0;0;0m [38;2;0;0;0m [38;2;0;0;0m [38;2;0;0;0m [38;2;6;0;0m [38;2;137;3;11m=[38;2;227;6;19m&[38;2;227;6;19m&[38;2;227;6;19m&[38;2;227;6;19m&[38;2;227;6;19m&[38;2;227;6;19m&[38;2;227;6;19m&[38;2;216;5;18m&[38;2;74;2;6m;[38;2;0;0;0m [0m
[38;2;46;1;4m.[38;2;211;5;17m&[38;2;227;6;19m&[38;2;227;6;19m&[38;2;227;6;19m&[38;2;227;6;19m&[38;2;227;6;19m&[38;2;227;6;19m&[38;2;199;5;16m$[38;2;71;5;7m;[38;2;124;17;16m=[38;2;131;19;17m=[38;2;131;19;17m=[38;2;131;19;17m=[38;2;131;19;17m=[38;2;131;19;17m=[38;2;131;19;17m=[38;2;131;19;17m=[38;2;187;16;20m$[38;2;225;6;19m&[38;2;227;6;19m&[38;2;227;6;19m&[38;2;227;6;19m&[38;2;227;6;19m&[38;2;227;6;19m&[38;2;227;6;19m&[38;2;178;4;14mX[38;2;9;0;1m [0m
[38;2;0;0;0m [38;2;32;1;2m.[38;2;187;5;15m$[38;2;227;6;19m&[38;2;227;6;19m&[38;2;227;6;19m&[38;2;227;6;19m&[38;2;170;4;14mX[38;2;19;0;2m [38;2;0;0;0m [38;2;32;4;4m.[38;2;152;21;20mx[38;2;175;25;23mX[38;2;175;25;23mX[38;2;175;25;23mX[38;2;175;25;23mX[38;2;175;25;23mX[38;2;175;25;23mX[38;2;175;25;23mX[38;2;185;20;22m$[38;2;221;8;19m&[38;2;227;6;19m&[38;2;227;6;19m&[38;2;227;6;19m&[38;2;227;6;19m&[38;2;141;3;11mx[38;2;7;0;1m [38;2;0;0;0m [0m
[38;2;0;0;0m [38;2;0;0;0m [38;2;11;0;1m [38;2;152;4;12mx[38;2;227;6;19m&[38;2;227;6;19m&[38;2;130;3;11m=[38;2;4;0;0m [38;2;0;0;0m [38;2;0;0;0m [38;2;0;0;0m [38;2;13;2;2m [38;2;128;18;16m=[38;2;175;25;23mX[38;2;175;25;23mX[38;2;175;25;23mX[38;2;175;25;23mX[38;2;175;25;23mX[38;2;175;25;23mX[38;2;175;25;23mX[38;2;179;23;22mX[38;2;215;10;20m&[38;2;227;6;19m&[38;2;223;6;18m&[38;2;97;2;8m+[38;2;0;0;0m [38;2;0;0;0m [38;2;0;0;0m [0m
[38;2;0;0;0m [38;2;0;0;0m [38;2;0;0;0m [38;2;1;0;0m [38;2;108;3;9m+[38;2;86;2;7m;[38;2;0;0;0m [38;2;0;0;0m [38;2;0;0;0m [38;2;0;0;0m [38;2;0;0;0m [38;2;0;0;0m [38;2;3;0;0m [38;2;95;13;12m+[38;2;145;21;19mx[38;2;145;21;19mx[38;2;145;21;19mx[38;2;145;21;19mx[38;2;145;21;19mx[38;2;145;21;19mx[38;2;145;21;19mx[38;2;146;20;19mx[38;2;169;9;16mX[38;2;57;1;5m:[38;2;0;0;0m [38;2;0;0;0m [38;2;0;0;0m [38;2;0;0;0m [0m
